HYBRID ALGORITHM SPACE_DIMENSION=5 RastriginAlgorithm
0, 5658, 24.72794806343096
1, 5380, 25.55697237443154
2, 5712, 26.385996685432122
3, 4839, 25.55697237443154
4, 6755, 24.72794806343096
5, 6335, 24.72794806343096
6, 5339, 25.55697237443154
7, 3842, 25.55697237443154
8, 6024, 25.55697237443155
9, 7210, 24.72794806343096
10, 5576, 24.72794806343096
11, 5887, 24.72794806343096
12, 5570, 24.72794806343096
13, 6151, 24.72794806343096
14, 4349, 24.72794806343096
15, 5727, 24.72794806343096
16, 5458, 26.385996685432122
17, 6588, 24.72794806343096
18, 5628, 25.556972374431542
19, 4886, 25.55697237443155
20, 4639, 24.72794806343096
21, 6958, 25.55697237443154
22, 3477, 24.72794806343096
23, 4941, 25.55697237443154
24, 4805, 24.72794806343096
25, 3866, 26.385996685432126
26, 5940, 24.72794806343096
27, 5605, 24.72794806343096
28, 5110, 24.72794806343096
29, 7038, 24.72794806343096
Average is: 25.14246021893126
Minimum is: 24.72794806343096
Maximum is: 26.385996685432126

************************************************
HYBRID ALGORITHM SPACE_DIMENSION=10 RastriginAlgorithm
0, 7925, 51.94296905986366
1, 10006, 49.455896126861916
2, 11627, 49.455896126861916
3, 10817, 55.395486087952015
4, 11904, 50.284920437862496
5, 8149, 55.39548608795204
6, 9781, 50.284920437862496
7, 8434, 51.11394474886308
8, 9862, 51.11394474886308
9, 12057, 49.455896126861916
10, 6974, 51.11394474886308
11, 10760, 50.284920437862496
12, 8637, 50.284920437862496
13, 7470, 51.94296905986366
14, 10049, 50.284920437862496
15, 12515, 51.11394474886308
16, 11284, 51.11394474886308
17, 10832, 51.11394474886308
18, 9347, 51.11394474886308
19, 9689, 51.11394474886308
20, 11060, 51.11394474886308
21, 9937, 51.94296905986366
22, 12837, 50.284920437862496
23, 9635, 55.39548608795204
24, 11474, 49.455896126861916
25, 8167, 50.284920437862496
26, 10379, 50.284920437862496
27, 11116, 51.11394474886308
28, 13537, 49.455896126861916
29, 10123, 49.455896126861916
Average is: 51.07231843987165
Minimum is: 49.455896126861916
Maximum is: 55.39548608795204