HILL CLIMBING SPACE_DIMENSION=5 RosenbrockAlgorithm
0, 9, 97.19971472521046
1, 10, 5.151746481056443
2, 8, 9.268246568316847
3, 10, 3.533986554230748
4, 7, 5.8862217811339095
5, 7, 27.73317055373443
6, 7, 6.0351438771763375
7, 7, 65.8657507216133
8, 5, 5.383793005843652
9, 7, 33.92244563875135
10, 10, 13.296099807028622
11, 8, 5.691631661569009
12, 8, 21.43626074273621
13, 6, 9.385760967421652
14, 6, 5.61379545728341
15, 10, 5.770885812660209
16, 8, 27.73317055373443
17, 7, 86.86318939198249
18, 7, 4.95160430348388
19, 11, 8.791309628298707
20, 8, 6.6347171622999035
21, 6, 81.91647623374675
22, 7, 6.026881308097597
23, 8, 5.34792830404365
24, 9, 5.655549844186509
25, 9, 5.761108464602209
26, 11, 6.414737910166167
27, 8, 6.885090674414797
28, 8, 6.150479845650038
29, 8, 6.150479845650038
Average is: 19.54857926087079
Minimum is: 3.533986554230748
Maximum is: 86.86318939198249

HILL CLIMBING SPACE_DIMENSION=10 RosenbrockAlgorithm
0, 14, 101.99560543502886
1, 22, 12.299766060527027
2, 16, 10.797288457179436
3, 18, 75.11367054300142
4, 17, 39.58608852538735
5, 11, 91.78160693389368
6, 13, 131.1640880348234
7, 16, 86.0577590755337
8, 13, 23.21722505337786
9, 20, 12.522939223647699
10, 13, 80.37227700641833
11, 18, 101.12263146324969
12, 16, 16.402559472864006
13, 18, 12.530437997474428
14, 14, 165.33256224062688
15, 18, 12.239672617330356
16, 16, 71.64472957672302
17, 21, 16.409571216752
18, 16, 72.39463096948013
19, 19, 10.190216398229136
20, 13, 126.47652510746846
21, 16, 29.91510831028595
22, 18, 11.140837680376332
23, 13, 92.87187983220751
24, 16, 73.3620835223928
25, 17, 12.299766060527027
26, 20, 72.50996693795383
27, 15, 79.16994357109142
28, 18, 12.175556730386791
29, 12, 100.86870558348151
Average is: 58.46552332125732
Minimum is: 10.190216398229136
Maximum is: 165.33256224062688

HILL CLIMBING SPACE_DIMENSION=30 RosenbrockAlgorithm
0, 52, 347.03813965621833
1, 50, 40.13074899333228
2, 47, 269.68056575086104
3, 56, 185.05226764951976
4, 48, 150.28522641282487
5, 47, 97.15630132350849
6, 44, 449.5092791225184
7, 51, 99.00145247536452
8, 49, 175.7970252165841
9, 57, 133.10669354150218
10, 45, 122.19753850505445
11, 49, 186.35475562731415
12, 47, 148.52157214442826
13, 46, 101.94426582779109
14, 57, 141.20947505195207
15, 50, 440.08087926607817
16, 47, 193.5691795834378
17, 61, 184.04541229245888
18, 46, 38.2221185818106
19, 50, 221.06220332926492
20, 48, 230.98899434100323
21, 44, 79.07130229675273
22, 48, 139.03884771023098
23, 62, 178.97784131989582
24, 57, 205.44155503531056
25, 48, 152.74850955410147
26, 34, 316.2085266089726
27, 50, 179.56774017823125
28, 39, 216.45994873101534
29, 47, 133.32023245651402
Average is: 185.19295328612841
Minimum is: 38.2221185818106
Maximum is: 449.5092791225184