HILL CLIMBING SPACE_DIMENSION=5 GrienwangkAlgorithm
0, 8, 1.6041818433624657
1, 10, 1.4461037412907212
2, 8, 1.537499540991756
3, 9, 1.2527539124754004
4, 13, 1.379040757678092
5, 5, 1.4362261358342021
6, 8, 1.5452472429932866
7, 10, 1.430558541556458
8, 6, 1.39036175358939
9, 6, 1.4068359069845036
10, 10, 1.39036175358939
11, 7, 1.4134286674705199
12, 10, 1.5192856038382345
13, 9, 1.509330692415645
14, 8, 1.6051826460209764
15, 6, 1.4134286674705199
16, 7, 1.39036175358939
17, 9, 1.567971204108236
18, 10, 1.6041818433624657
19, 8, 1.184419395802007
20, 10, 1.4493297732873112
21, 9, 1.379040757678092
22, 11, 1.6051826460209764
23, 13, 1.430558541556458
24, 12, 1.5568501682425095
25, 6, 1.4461037412907212
26, 12, 1.509330692415645
27, 8, 1.4230499456515935
28, 6, 1.5034203259464103
29, 11, 1.6051826460209764
Average is: 1.4644936947511449
Minimum is: 1.184419395802007
Maximum is: 1.6051826460209764

HILL CLIMBING SPACE_DIMENSION=10 GrienwangkAlgorithm
0, 21, 1.912868838160415
1, 15, 1.932620449248576
2, 19, 1.9190410260105966
3, 20, 1.9528835535337619
4, 13, 1.9508504318460163
5, 21, 1.9622809862481594
6, 20, 1.9470890036276955
7, 21, 1.9793294477244219
8, 18, 1.9131118940652465
9, 21, 1.9221451690616562
10, 19, 1.846829519398002
11, 20, 1.930233930788117
12, 14, 1.9195857901276712
13, 21, 1.963778928982237
14, 16, 1.9617945224872564
15, 17, 1.9469545918593125
16, 18, 1.90372714851402
17, 19, 1.9119402115264774
18, 15, 1.9708633358811904
19, 19, 1.9655132649860694
20, 17, 1.9590722647796204
21, 17, 2.0058154837952076
22, 17, 1.959819586339857
23, 17, 1.9537260988342806
24, 25, 1.894644937021583
25, 21, 2.0303036254400326
26, 18, 1.993929392692666
27, 21, 1.9418859327901683
28, 16, 1.9224309929932164
29, 19, 1.9431336826254837
Average is: 1.9439401347129672
Minimum is: 1.846829519398002
Maximum is: 2.0303036254400326

HILL CLIMBING SPACE_DIMENSION=30 GrienwangkAlgorithm
0, 53, 3.8095733681890245
1, 57, 3.809573325581963
2, 57, 3.809573373189766
3, 64, 3.8095733634015776
4, 46, 3.8095733620993757
5, 55, 3.809573345763626
6, 48, 3.809573360731696
7, 58, 3.8095733596634043
8, 48, 3.8095733546620245
9, 52, 3.8095719649644715
10, 54, 3.809573313974163
11, 63, 3.8095733694249936
12, 49, 3.809572826473435
13, 54, 3.809573102397571
14, 53, 3.809573366655491
15, 46, 3.8095733561527703
16, 43, 3.809573746010787
17, 56, 3.8095731881284283
18, 54, 3.8095736117613863
19, 53, 3.8095733608994813
20, 45, 3.80957328497654
21, 48, 3.8095733639846103
22, 55, 3.8095733659133577
23, 55, 3.8095733824735993
24, 63, 3.8095733581043265
25, 54, 3.8095724569468987
26, 51, 3.8095733549046407
27, 54, 3.8095735381376965
28, 46, 3.809573360249947
29, 59, 3.8095733633130475
Average is: 3.8095732749710027
Minimum is: 3.8095719649644715
Maximum is: 3.809573746010787