GENETIC ALGORITHM SPACE_DIMENSION=5 RastriginAlgorithm
0, 1010, 59.14973066888933
1, 1010, 26.385996685432126
2, 1010, 43.936082084195064
3, 1010, 52.73976933083709
4, 1010, 34.11680895567744
5, 1010, 33.66597995159459
6, 1010, 49.84352603436842
7, 1010, 59.99971108660204
8, 1010, 31.81891012759349
9, 1010, 65.16379564586632
10, 1010, 46.23722700921097
11, 1010, 39.101928923835374
12, 1010, 42.2258165328405
13, 1010, 33.291030741608864
14, 1010, 35.46508316889019
15, 1010, 33.991363273745876
16, 1010, 29.51931179958467
17, 1010, 76.59890457107923
18, 1010, 27.537368788504534
19, 1010, 45.81948645820191
20, 1010, 26.70834447750402
21, 1010, 30.66753802452108
22, 1010, 30.66753802452108
23, 1010, 42.32658129857874
24, 1010, 46.388093598213274
25, 1010, 34.94583326667802
26, 1010, 35.27142715568185
27, 1010, 50.943811991677556
28, 1010, 33.80085313867362
29, 1010, 30.348336110585198
Average is: 40.95587296417308
Minimum is: 26.385996685432126
Maximum is: 76.59890457107923

************************************************
GENETIC ALGORITHM SPACE_DIMENSION=10 RastriginAlgorithm
0, 1010, 83.9956268790987
1, 1010, 87.36021927536386
2, 1010, 159.6289580247661
3, 1010, 69.89805850842407
4, 1010, 102.43711942156565
5, 1010, 123.65948708440202
6, 1010, 78.83609039658764
7, 1010, 125.08287815420859
8, 1010, 105.18608614129305
9, 1010, 101.58993076839845
10, 1010, 83.75403572992501
11, 1010, 132.9407359480184
12, 1010, 127.97750958462844
13, 1010, 100.70797338092908
14, 1010, 78.39447833079959
15, 1010, 118.62971314073002
16, 1010, 134.3126143905421
17, 1010, 59.03707700216226
18, 1010, 109.30458696165483
19, 1010, 104.51215392849102
20, 1010, 104.11265220834326
21, 1010, 108.16481724683425
22, 1010, 108.49954783012896
23, 1010, 109.53768474236426
24, 1010, 145.36485061734103
25, 1010, 132.52843720097104
26, 1010, 120.67091960730596
27, 1010, 147.73258315724462
28, 1010, 73.40796964836535
29, 1010, 163.69765191450892
Average is: 110.03208157417988
Minimum is: 59.03707700216226
Maximum is: 163.69765191450892

************************************************
GENETIC ALGORITHM SPACE_DIMENSION=30 RastriginAlgorithm
0, 1010, 436.30061541248057
1, 1010, 366.4627957053522
2, 1010, 453.53511676846097
3, 1010, 494.5478406781648
4, 1010, 481.581552672001
5, 1010, 517.9176768075392
6, 1010, 391.0916594306434
7, 1010, 423.1454299265767
8, 1010, 467.1985456625255
9, 1010, 425.6020939064946
10, 1010, 462.2454081722228
11, 1010, 501.41054407867443
12, 1010, 405.0148721972343
13, 1010, 475.3092809704985
14, 1010, 539.1673509094253
15, 1010, 385.156007950213
16, 1010, 364.09041246555415
17, 1010, 465.34412894437884
18, 1010, 509.0450447836678
19, 1010, 442.3658088167948
20, 1010, 473.8799538244482
21, 1010, 384.3282160423811
22, 1010, 430.8446530642994
23, 1010, 369.0130876972335
24, 1010, 500.73959839544733
25, 1010, 398.3522332163933
26, 1010, 369.4522713205834
27, 1010, 432.3729804970105
28, 1010, 454.21217885115743
29, 1010, 464.08904135845313
Average is: 442.7938800175437
Minimum is: 364.09041246555415
Maximum is: 539.1673509094253