GENETIC ALGORITHM SPACE_DIMENSION=2 SixHumpCamelBackAlgorithm
0, 1010, -0.05070943043964027
1, 1010, 0.08376214265819332
2, 1010, 0.6613858810058934
3, 1010, -0.010811532974395851
4, 1010, -0.023036329486643633
5, 1010, 0.060437244808366014
6, 1010, -0.013576613774484166
7, 1010, 0.0205322971545796
8, 1010, -0.37267937767879383
9, 1010, 0.4250092065055208
10, 1010, 0.8927115792405478
11, 1010, 0.4069255121381237
12, 1010, 0.01870175747673511
13, 1010, -0.015015829831448068
14, 1010, 0.01870175747673511
15, 1010, 0.164466294753495
16, 1010, -0.059067023892901416
17, 1010, 0.01860949326094538
18, 1010, 0.08896554484757696
19, 1010, 0.28687126925966594
20, 1010, 0.20904056065177418
21, 1010, -2.261890671635131
22, 1010, 0.01923461882164571
23, 1010, 36.55456380950166
24, 1010, 0.5123099357923845
25, 1010, 0.19469925262253682
26, 1010, 1.938945192788638
27, 1010, 0.0204336927180658
28, 1010, -0.024295868319433048
29, 1010, 4.552896264365121
Average is: 1.477270687660511
Minimum is: -2.261890671635131
Maximum is: 36.55456380950166