GENETIC ALGORITHM SPACE_DIMENSION=5 GrienwangkAlgorithm
0, 1010, 2.3034447575942845
1, 1010, 10.420163365302257
2, 1010, 2.280595821400519
3, 1010, 16.46536372272016
4, 1010, 2.977513640786576
5, 1010, 4.45704160430112
6, 1010, 2.8197722909820273
7, 1010, 1.6051826460209764
8, 1010, 2.7527107848397527
9, 1010, 4.380911265469106
10, 1010, 4.011421720618909
11, 1010, 3.673634674580944
12, 1010, 1.6041818433624657
13, 1010, 5.930087773994289
14, 1010, 14.212773672551755
15, 1010, 1.5679712041082359
16, 1010, 1.379040757678092
17, 1010, 7.497618678640227
18, 1010, 1.381294582091503
19, 1010, 3.7116161856862284
20, 1010, 1.579547945238616
21, 1010, 2.2799051188425565
22, 1010, 1.8302728629927094
23, 1010, 2.2725164246178666
24, 1010, 1.4851255992277512
25, 1010, 1.5568501682425095
26, 1010, 2.240636056708685
27, 1010, 1.381294582091503
28, 1010, 1.7495268496893563
29, 1010, 2.9835449054018435
Average is: 3.826385383526095
Minimum is: 1.379040757678092
Maximum is: 16.46536372272016

************************************************
GENETIC ALGORITHM SPACE_DIMENSION=10 GrienwangkAlgorithm
0, 1010, 62.62318087355997
1, 1010, 41.628610326497004
2, 1010, 20.684488402116127
3, 1010, 28.890524919564804
4, 1010, 70.88393215968793
5, 1010, 69.36582020744453
6, 1010, 19.16857053854981
7, 1010, 46.90592439435831
8, 1010, 30.394748037502723
9, 1010, 48.3291128519063
10, 1010, 50.60779652281836
11, 1010, 68.62979349191951
12, 1010, 39.405699153853476
13, 1010, 60.369790320281716
14, 1010, 14.677356262453205
15, 1010, 54.38180695527963
16, 1010, 19.91701448510435
17, 1010, 97.8366670833553
18, 1010, 24.411491008396734
19, 1010, 21.416345522717158
20, 1010, 14.648782174676636
21, 1010, 31.890887424755807
22, 1010, 29.657362041653425
23, 1010, 45.3993411885895
24, 1010, 29.658118444962913
25, 1010, 50.63577384746438
26, 1010, 39.29713847336303
27, 1010, 24.43409760397343
28, 1010, 76.8511610412425
29, 1010, 205.72104828504703
Average is: 47.95741280143652
Minimum is: 14.648782174676636
Maximum is: 205.72104828504703

************************************************
GENETIC ALGORITHM SPACE_DIMENSION=30 GrienwangkAlgorithm
0, 1010, 648.13839750814
1, 1010, 445.09990392888164
2, 1010, 463.8303849136112
3, 1010, 468.32570239334007
4, 1010, 407.638917334939
5, 1010, 534.2570240159005
6, 1010, 938.8355879295019
7, 1010, 496.0468262228924
8, 1010, 737.2955248253434
9, 1010, 720.8126951092688
10, 1010, 506.53590010408925
11, 1010, 493.7991675338269
12, 1010, 633.9032258064518
13, 1010, 606.1821019787232
14, 1010, 591.1977107179953
15, 1010, 549.2414151925078
16, 1010, 812.966701352769
17, 1010, 445.84911550476437
18, 1010, 497.54526524252765
19, 1010, 566.473465226997
20, 1010, 703.5806451610064
21, 1010, 546.244536948905
22, 1010, 597.9406867709121
23, 1010, 636.1508844952672
24, 1010, 730.5525494226753
25, 1010, 685.5993756638848
26, 1010, 585.2039523733654
27, 1010, 612.1758584138025
28, 1010, 516.2757544222916
29, 1010, 508.0343392301797
Average is: 589.5244538581587
Minimum is: 407.638917334939
Maximum is: 938.8355879295019