GENETIC ALGORITHM SPACE_DIMENSION=5 RosenbrockAlgorithm
0, 1010, 5.39129177967038
1, 1010, 16.984222919497725
2, 1010, 9.332228839286687
3, 1010, 21.917928621895985
4, 1010, 5.761108464602209
5, 1010, 21.015043838987737
6, 1010, 9.483396634640135
7, 1010, 7.907740678940869
8, 1010, 7.879825647923893
9, 1010, 4.887488416540314
10, 1010, 12.617380311622728
11, 1010, 4.95160430348388
12, 1010, 7.0144985262004065
13, 1010, 9.795818412492519
14, 1010, 94.23722787020199
15, 1010, 15.314180625393421
16, 1010, 62.99794721413538
17, 1010, 110.57611173652344
18, 1010, 8.493536631713086
19, 1010, 0.03237216979798132
20, 1010, 127.2618237140345
21, 1010, 50.86679371142162
22, 1010, 39.0371851567994
23, 1010, 7.690985090106698
24, 1010, 36.387760396326016
25, 1010, 11.250583526458577
26, 1010, 7.318064693516996
27, 1010, 10.324334541524774
28, 1010, 59.46334690485587
29, 1010, 3.9135805872205767
Average is: 26.336847065527195
Minimum is: 0.03237216979798132
Maximum is: 127.2618237140345

************************************************
GENETIC ALGORITHM SPACE_DIMENSION=10 RosenbrockAlgorithm
0, 30, 2274.689182766699
1, 1010, 339.0527586143891
2, 20, 2255.0968386266877
3, 1010, 298.1098226654363
4, 20, 2292.676034582546
5, 20, 2582.3636133948485
6, 1010, 120.72573343864642
7, 1010, 166.11593908743637
8, 1010, 238.71212587058577
9, 1010, 226.58129084694025
10, 1010, 299.9116369242512
11, 20, 2946.291009109418
12, 20, 2201.4701059683944
13, 1010, 474.4399744549829
14, 1010, 299.7118322277601
15, 1010, 128.271947051374
16, 1010, 225.370147241479
17, 1010, 19.457606036305823
18, 20, 4132.3308637162245
19, 20, 2098.6674285646545
20, 110, 2068.434126800261
21, 1010, 226.60427837826163
22, 1010, 53.02101697020008
23, 1010, 223.43847067599816
24, 20, 2291.291207139068
25, 1010, 90.01688810994833
26, 1010, 242.81504848736998
27, 20, 2803.685192309298
28, 20, 3529.677957968316
29, 30, 3816.0414122712045
Average is: 1298.8357163432995
Minimum is: 19.457606036305823
Maximum is: 4132.3308637162245

************************************************
GENETIC ALGORITHM SPACE_DIMENSION=30 RosenbrockAlgorithm
0, 20, 9777.711860552228
1, 20, 9622.771238143907
2, 20, 10766.315006589068
3, 20, 7502.130993282171
4, 20, 8155.625686129445
5, 20, 12237.10959022352
6, 20, 11492.774974186561
7, 20, 11408.225507377425
8, 20, 10957.26533156043
9, 20, 9426.157382770245
10, 20, 7808.360795771574
11, 20, 11970.031727770467
12, 20, 6273.087429943046
13, 20, 8567.420421626683
14, 20, 13557.163373703746
15, 20, 8589.570604692857
16, 20, 5770.839348233534
17, 20, 8721.49300431771
18, 20, 9701.725396653883
19, 20, 10862.933326301074
20, 20, 8423.829694204975
21, 20, 7120.867018688198
22, 20, 10606.058647705975
23, 20, 10757.549965161257
24, 20, 11675.342785891688
25, 20, 6130.927819328328
26, 20, 13064.678209786163
27, 20, 12779.02567019869
28, 20, 8345.914953982563
29, 20, 9271.669322050393
Average is: 9711.485902894261
Minimum is: 5770.839348233534
Maximum is: 13557.163373703746