HILL CLIMBING SPACE_DIMENSION=2 SixHumpCamelBackAlgorithm
0, 3, -1.6178185842213904
1, 7, -3.959937778082162
2, 3, -5.546005214476536
3, 3, -7.9828713390071515
4, 3, -0.7560760838549014
5, 2, -0.7560760838548978
6, 3, -0.31676362055334895
7, 2, -3.959937778082172
8, 3, -1.6178185842213904
9, 3, -0.14409209021298636
10, 4, -0.06515303252458954
11, 3, -0.07155526923715642
12, 3, -9.394940697384511
13, 3, -0.47680520717472935
14, 2, -0.30953831033738183
15, 2, 0.020698989924922258
16, 1, -5.546005214476536
17, 2, -7.803960639942321
18, 4, -0.30953831033738183
19, 3, -3.78033193078097
20, 3, -0.47680520717472935
21, 4, -7.766993646747417
22, 3, -11.388583646361141
23, 2, -0.3167636205533485
24, 2, -7.766993646747417
25, 1, -0.7560760838549014
26, 3, -3.959937778082172
27, 1, -0.11053587797871135
28, 3, -4.893623019405711
29, 3, -0.2906884714961615
Average is: -3.0707175925746433
Minimum is: -11.388583646361141
Maximum is: 0.020698989924922258