HILL CLIMBING SPACE_DIMENSION=5 RastriginAlgorithm
0, 6, 29.838513713520484
1, 10, 24.727948063430958
2, 8, 30.66753802452108
3, 10, 25.55697237443154
4, 5, 26.38599668543212
5, 7, 27.2150209964327
6, 10, 29.009489402519904
7, 7, 26.385996685432126
8, 8, 27.215020996432706
9, 5, 25.55697237443154
10, 7, 30.667538024521075
11, 5, 25.55697237443154
12, 8, 24.727948063430958
13, 11, 25.55697237443154
14, 11, 26.385996685432122
15, 9, 24.727948063430958
16, 6, 26.385996685432126
17, 7, 25.55697237443154
18, 8, 24.727948063430958
19, 9, 24.727948063430958
20, 7, 29.838513713520484
21, 8, 25.556972374431542
22, 4, 30.66753802452107
23, 8, 25.55697237443154
24, 11, 25.556972374431545
25, 7, 29.8385137135205
26, 10, 25.55697237443154
27, 7, 30.667538024521082
28, 9, 25.55697237443154
29, 8, 33.29103074160888
Average is: 27.12232353929462
Minimum is: 24.727948063430958
Maximum is: 33.29103074160888

HILL CLIMBING SPACE_DIMENSION=10 RastriginAlgorithm
0, 12, 56.22451039895262
1, 10, 59.677027427041
2, 12, 53.60101768186482
3, 9, 54.566461776951456
4, 13, 51.11394474886308
5, 16, 50.284920437862496
6, 11, 67.41108579421828
7, 13, 51.94296905986366
8, 13, 55.39548608795202
9, 12, 56.22451039895262
10, 16, 52.77199337086424
11, 14, 51.94296905986366
12, 16, 54.56646177695144
13, 11, 64.78759307713051
14, 14, 51.94296905986366
15, 14, 54.566461776951456
16, 14, 52.77199337086424
17, 13, 57.0535347099532
18, 14, 55.39548608795204
19, 16, 57.0535347099532
20, 18, 49.455896126861916
21, 11, 55.39548608795204
22, 15, 56.22451039895262
23, 10, 59.54060764295494
24, 13, 54.566461776951456
25, 12, 51.94296905986366
26, 16, 55.39548608795204
27, 12, 57.882559020953764
28, 18, 52.77199337086424
29, 15, 56.22451039895262
Average is: 55.28984702617097
Minimum is: 49.455896126861916
Maximum is: 67.41108579421828

HILL CLIMBING SPACE_DIMENSION=30 RastriginAlgorithm
0, 30, 166.879062790771
1, 36, 172.12604822494657
2, 36, 168.8099509809442
3, 42, 167.8445068858576
4, 33, 169.50255550785877
5, 37, 164.3919898577693
6, 39, 167.8445068858576
7, 29, 179.7236868080378
8, 34, 169.5025555078588
9, 50, 156.65793149059198
10, 37, 158.31598011259314
11, 40, 160.11044851868033
12, 33, 164.25557007368323
13, 31, 171.29702391394585
14, 32, 161.9049169247675
15, 37, 159.28142420767975
16, 51, 155.96532696367743
17, 36, 165.22101416876984
18, 39, 157.48695580159256
19, 41, 165.35743395285587
20, 38, 164.39198985776926
21, 35, 169.50255550785877
22, 45, 160.93947282968094
23, 41, 166.18645826385645
24, 40, 163.56296554676868
25, 39, 154.17085855759024
26, 31, 166.05003847977045
27, 33, 160.11044851868033
28, 32, 168.67353119685822
29, 35, 165.22101416876987
Average is: 164.70960741687813
Minimum is: 154.17085855759024
Maximum is: 179.7236868080378
